1.529999999999999971e-01 5.000000000000000000e-01 0.000000000000000000e+00 0.000000000000000000e+00
1.529999999999999971e-01 5.010000000000000009e-01 0.000000000000000000e+00 0.000000000000000000e+00
1.529999999999999971e-01 5.020000000000000018e-01 0.000000000000000000e+00 0.000000000000000000e+00
1.529999999999999971e-01 5.030000000000000027e-01 0.000000000000000000e+00 0.000000000000000000e+00
1.529999999999999971e-01 5.040000000000000036e-01 0.000000000000000000e+00 0.000000000000000000e+00
1.529999999999999971e-01 5.050000000000000044e-01 0.000000000000000000e+00 0.000000000000000000e+00
1.529999999999999971e-01 5.060000000000000053e-01 0.000000000000000000e+00 0.000000000000000000e+00
1.529999999999999971e-01 5.070000000000000062e-01 0.000000000000000000e+00 0.000000000000000000e+00
1.529999999999999971e-01 5.080000000000000071e-01 0.000000000000000000e+00 0.000000000000000000e+00
1.529999999999999971e-01 5.090000000000000080e-01 0.000000000000000000e+00 0.000000000000000000e+00
1.529999999999999971e-01 5.100000000000000089e-01 0.000000000000000000e+00 0.000000000000000000e+00
1.529999999999999971e-01 5.110000000000000098e-01 0.000000000000000000e+00 0.000000000000000000e+00
1.529999999999999971e-01 5.120000000000000107e-01 0.000000000000000000e+00 0.000000000000000000e+00
1.529999999999999971e-01 5.130000000000000115e-01 0.000000000000000000e+00 0.000000000000000000e+00
1.529999999999999971e-01 5.140000000000000124e-01 0.000000000000000000e+00 0.000000000000000000e+00
1.529999999999999971e-01 5.150000000000000133e-01 0.000000000000000000e+00 0.000000000000000000e+00
1.529999999999999971e-01 5.160000000000000142e-01 0.000000000000000000e+00 0.000000000000000000e+00
1.529999999999999971e-01 5.170000000000000151e-01 0.000000000000000000e+00 0.000000000000000000e+00
1.529999999999999971e-01 5.180000000000000160e-01 0.000000000000000000e+00 0.000000000000000000e+00
1.529999999999999971e-01 5.190000000000000169e-01 0.000000000000000000e+00 0.000000000000000000e+00
1.529999999999999971e-01 5.200000000000000178e-01 0.000000000000000000e+00 0.000000000000000000e+00
1.529999999999999971e-01 5.210000000000000187e-01 0.000000000000000000e+00 0.000000000000000000e+00
1.529999999999999971e-01 5.220000000000000195e-01 0.000000000000000000e+00 0.000000000000000000e+00
1.529999999999999971e-01 5.230000000000000204e-01 0.000000000000000000e+00 0.000000000000000000e+00
1.529999999999999971e-01 5.240000000000000213e-01 0.000000000000000000e+00 0.000000000000000000e+00
1.529999999999999971e-01 5.250000000000000222e-01 0.000000000000000000e+00 0.000000000000000000e+00
1.529999999999999971e-01 5.260000000000000231e-01 0.000000000000000000e+00 0.000000000000000000e+00
1.529999999999999971e-01 5.270000000000000240e-01 0.000000000000000000e+00 0.000000000000000000e+00
1.529999999999999971e-01 5.280000000000000249e-01 0.000000000000000000e+00 0.000000000000000000e+00
