0.153	5.000000000000000e-01	0.000000000000000e+00	0.000000000000000e+00	1.463913262620722e-02
0.153	5.010000000000000e-01	0.000000000000000e+00	0.000000000000000e+00	1.464980562363483e-02
0.153	5.020000000000000e-01	0.000000000000000e+00	0.000000000000000e+00	1.466054860676994e-02
0.153	5.030000000000000e-01	0.000000000000000e+00	0.000000000000000e+00	1.467136203452173e-02
0.153	5.040000000000000e-01	0.000000000000000e+00	0.000000000000000e+00	1.468224636880957e-02
0.153	5.050000000000000e-01	0.000000000000000e+00	0.000000000000000e+00	1.469320207457837e-02
0.153	5.060000000000000e-01	0.000000000000000e+00	0.000000000000000e+00	1.470422961982442e-02
0.153	5.070000000000000e-01	0.000000000000000e+00	0.000000000000000e+00	1.471532947561245e-02
0.153	5.080000000000000e-01	0.000000000000000e+00	0.000000000000000e+00	1.472650211609460e-02
0.153	5.090000000000000e-01	0.000000000000000e+00	0.000000000000000e+00	1.473774801853369e-02
0.153	5.100000000000000e-01	0.000000000000000e+00	0.000000000000000e+00	1.474906766332050e-02
0.153	5.110000000000000e-01	0.000000000000000e+00	0.000000000000000e+00	1.476046153399698e-02
0.153	5.120000000000000e-01	0.000000000000000e+00	0.000000000000000e+00	1.477193011727507e-02
0.153	5.130000000000000e-01	0.000000000000000e+00	0.000000000000000e+00	1.478347390305767e-02
0.153	5.140000000000000e-01	0.000000000000000e+00	0.000000000000000e+00	1.479509338446007e-02
0.153	5.150000000000000e-01	0.000000000000000e+00	0.000000000000000e+00	1.480678905783190e-02
0.153	5.160000000000000e-01	0.000000000000000e+00	0.000000000000000e+00	1.481856142277633e-02
0.153	5.170000000000000e-01	0.000000000000000e+00	0.000000000000000e+00	1.483041098217299e-02
0.153	5.180000000000000e-01	0.000000000000000e+00	0.000000000000000e+00	1.484233824219795e-02
0.153	5.190000000000000e-01	0.000000000000000e+00	0.000000000000000e+00	1.485434371234780e-02
0.153	5.200000000000000e-01	0.000000000000000e+00	0.000000000000000e+00	1.486642790545853e-02
0.153	5.210000000000000e-01	0.000000000000000e+00	0.000000000000000e+00	1.487859133773000e-02
0.153	5.220000000000000e-01	0.000000000000000e+00	0.000000000000000e+00	1.489083452874473e-02
0.153	5.230000000000000e-01	0.000000000000000e+00	0.000000000000000e+00	1.490315800149385e-02
0.153	5.240000000000000e-01	0.000000000000000e+00	0.000000000000000e+00	1.491556228239801e-02
0.153	5.250000000000000e-01	0.000000000000000e+00	0.000000000000000e+00	1.492804790132796e-02
0.153	5.260000000000000e-01	0.000000000000000e+00	0.000000000000000e+00	1.494061539163080e-02
0.153	5.270000000000000e-01	0.000000000000000e+00	0.000000000000000e+00	1.495326529014891e-02
0.153	5.280000000000000e-01	0.000000000000000e+00	0.000000000000000e+00	1.496599813724551e-02
